Wine 0, 0.193879, 0.21583, 0.192741, 0.198929, 0.19862, 
Wine 1, 0.191504, 0.213186, 0.196772, 0.199131, 0.199408, 
Wine 2, 0.185345, 0.214737, 0.203307, 0.197863, 0.198747, 
Wine 3, 0.181989, 0.221769, 0.19734, 0.199022, 0.199879, 
Wine 4, 0.200989, 0.201376, 0.195823, 0.19304, 0.208773, 
Wine 5, 0.189789, 0.223574, 0.193549, 0.199823, 0.193265, 
Wine 6, 0.192666, 0.196678, 0.207708, 0.192636, 0.210312, 
Wine 7, 0.187691, 0.213927, 0.199428, 0.200429, 0.198525, 
Wine 8, 0.196895, 0.205043, 0.191265, 0.199477, 0.207321, 
Wine 9, 0.187798, 0.208749, 0.196213, 0.197885, 0.209355, 
Wine 10, 0.205407, 0.190102, 0.202879, 0.202565, 0.199047, 
Wine 11, 0.18979, 0.205108, 0.205108, 0.202584, 0.197409, 
Wine 12, 0.19991, 0.189244, 0.208122, 0.192114, 0.210611, 
Wine 13, 0.195777, 0.211129, 0.190784, 0.195669, 0.206642, 
Wine 14, 0.191528, 0.207176, 0.191681, 0.193992, 0.215622, 
Wine 15, 0.198355, 0.195348, 0.20387, 0.195807, 0.20662, 
Wine 16, 0.198941, 0.190873, 0.202584, 0.198861, 0.208741, 
Wine 17, 0.192827, 0.208854, 0.19482, 0.206003, 0.197496, 
Wine 18, 0.208456, 0.195419, 0.191552, 0.197074, 0.207499, 
Wine 19, 0.189921, 0.193739, 0.200949, 0.20838, 0.20701, 
Wine 20, 0.2077, 0.188749, 0.193612, 0.210516, 0.199424, 
Wine 21, 0.206326, 0.19266, 0.197678, 0.212065, 0.191272, 
Wine 22, 0.209862, 0.186491, 0.198817, 0.2097, 0.19513, 
Wine 23, 0.206117, 0.185773, 0.201443, 0.205979, 0.200688, 
Wine 24, 0.1909, 0.221173, 0.192204, 0.203793, 0.191931, 
Wine 25, 0.18553, 0.205636, 0.207933, 0.198036, 0.202865, 
Wine 26, 0.190873, 0.212826, 0.194654, 0.200964, 0.200683, 
Wine 27, 0.191827, 0.207771, 0.203939, 0.196791, 0.199671, 
Wine 28, 0.186282, 0.209371, 0.204002, 0.207191, 0.193153, 
Wine 29, 0.195946, 0.202383, 0.208689, 0.198466, 0.194516, 
Wine 30, 0.202008, 0.197564, 0.200185, 0.194018, 0.206224, 
Wine 31, 0.20635, 0.181362, 0.210337, 0.203326, 0.198625, 
Wine 32, 0.190629, 0.212854, 0.201138, 0.198111, 0.197268, 
Wine 33, 0.19137, 0.213681, 0.198488, 0.201555, 0.194906, 
Wine 34, 0.188463, 0.212824, 0.203177, 0.193325, 0.202211, 
Wine 35, 0.199839, 0.191766, 0.207016, 0.21097, 0.190409, 
Wine 36, 0.194044, 0.204789, 0.197546, 0.196556, 0.207065, 
Wine 37, 0.195085, 0.208825, 0.194597, 0.197594, 0.203899, 
Wine 38, 0.207051, 0.195096, 0.19568, 0.206912, 0.19526, 
Wine 39, 0.191575, 0.20017, 0.202803, 0.196486, 0.208966, 
Wine 40, 0.198454, 0.209649, 0.192204, 0.198374, 0.201319, 
Wine 41, 0.192138, 0.195501, 0.205158, 0.192079, 0.215124, 
Wine 42, 0.20289, 0.193846, 0.197674, 0.208495, 0.197096, 
Wine 43, 0.200293, 0.185643, 0.201171, 0.205698, 0.207194, 
Wine 44, 0.184768, 0.201441, 0.215763, 0.191966, 0.206062, 
Wine 45, 0.195894, 0.207155, 0.192841, 0.198464, 0.205645, 
Wine 46, 0.197141, 0.210691, 0.18843, 0.199726, 0.204011, 
Wine 47, 0.194477, 0.216021, 0.194632, 0.194401, 0.200468, 
Wine 48, 0.197748, 0.195993, 0.198614, 0.203084, 0.204561, 
Wine 49, 0.200009, 0.200394, 0.198204, 0.197211, 0.204183, 
Wine 50, 0.198526, 0.190475, 0.20574, 0.203867, 0.201392, 
Wine 51, 0.212567, 0.186351, 0.205451, 0.203677, 0.191955, 
Wine 52, 0.211321, 0.198129, 0.194282, 0.205315, 0.190953, 
Wine 53, 0.201375, 0.193752, 0.203645, 0.201325, 0.199903, 
Wine 54, 0.205964, 0.194926, 0.196766, 0.205861, 0.196483, 
Wine 55, 0.209042, 0.191496, 0.195274, 0.203059, 0.201129, 
Wine 56, 0.194438, 0.210594, 0.191416, 0.199634, 0.203918, 
Wine 57, 0.191116, 0.19969, 0.209637, 0.201267, 0.19829, 
Wine 58, 0.211018, 0.189155, 0.197192, 0.199574, 0.20306, 
Wine 59, 0.200977, 0.188535, 0.212186, 0.200895, 0.197406, 
Wine 60, 0.198202, 0.19196, 0.199071, 0.212429, 0.198337, 
Wine 61, 0.196235, 0.19757, 0.189164, 0.19868, 0.218351, 
Wine 62, 0.19998, 0.202996, 0.197504, 0.202586, 0.196934, 
Wine 63, 0.209499, 0.197367, 0.197933, 0.203682, 0.191519, 
Wine 64, 0.206236, 0.19975, 0.196977, 0.203363, 0.193675, 
Wine 65, 0.206369, 0.187639, 0.195611, 0.215326, 0.195055, 
Wine 66, 0.215439, 0.188869, 0.188869, 0.209273, 0.197551, 
Wine 67, 0.208122, 0.183872, 0.201777, 0.202074, 0.204154, 
Wine 68, 0.202805, 0.191984, 0.200304, 0.208353, 0.196555, 
Wine 69, 0.196291, 0.199251, 0.200581, 0.19363, 0.210247, 
Wine 70, 0.193786, 0.191968, 0.216831, 0.18642, 0.210995, 
Wine 71, 0.201141, 0.198606, 0.193333, 0.201009, 0.205911, 
Wine 72, 0.197183, 0.219757, 0.190973, 0.192056, 0.20003, 
Wine 73, 0.195316, 0.208012, 0.196109, 0.195225, 0.205337, 
Wine 74, 0.188488, 0.21211, 0.20126, 0.190881, 0.207262, 
Wine 75, 0.191019, 0.210045, 0.198854, 0.198546, 0.201536, 
Wine 76, 0.196819, 0.184857, 0.211234, 0.210682, 0.196408, 
Wine 77, 0.205706, 0.189499, 0.197657, 0.200033, 0.207105, 
Wine 78, 0.203206, 0.1856, 0.204954, 0.208859, 0.197381, 
Wine 79, 0.207904, 0.18242, 0.208219, 0.207727, 0.19373, 
Wine 80, 0.203823, 0.188088, 0.19922, 0.22202, 0.186849, 
Wine 81, 0.203804, 0.186146, 0.205557, 0.206531, 0.197962, 
Wine 82, 0.210495, 0.19561, 0.196218, 0.201874, 0.195803, 
Wine 83, 0.212227, 0.203763, 0.186053, 0.203351, 0.194606, 
Wine 84, 0.197106, 0.206928, 0.198583, 0.199658, 0.197725, 
Wine 85, 0.187621, 0.203619, 0.201226, 0.200146, 0.207388, 
Wine 86, 0.204325, 0.19983, 0.192657, 0.201466, 0.201722, 
Wine 87, 0.198822, 0.207827, 0.20175, 0.193697, 0.197904, 
Wine 88, 0.206293, 0.192695, 0.197687, 0.211992, 0.191332, 
Wine 89, 0.198515, 0.188713, 0.208565, 0.206615, 0.197592, 
Wine 90, 0.205339, 0.196169, 0.200048, 0.208086, 0.190357, 
Wine 91, 0.201069, 0.194739, 0.198589, 0.20097, 0.204633, 
Wine 92, 0.204602, 0.197364, 0.196565, 0.198922, 0.202548, 
Wine 93, 0.181192, 0.21762, 0.197365, 0.204025, 0.199798, 
Wine 94, 0.193134, 0.204938, 0.203877, 0.198133, 0.199918, 
Wine 95, 0.197704, 0.189686, 0.204888, 0.200279, 0.207442, 
Wine 96, 0.204363, 0.189324, 0.195333, 0.212886, 0.198094, 
Wine 97, 0.210891, 0.198643, 0.189816, 0.204995, 0.195656, 
Wine 98, 0.199727, 0.190858, 0.197896, 0.211109, 0.200411, 
Wine 99, 0.194107, 0.21956, 0.192332, 0.201807, 0.192194, 
Wine 100, 0.191298, 0.192648, 0.206886, 0.210119, 0.199048, 
Wine 101, 0.205992, 0.196777, 0.194098, 0.203069, 0.200064, 
Wine 102, 0.201086, 0.20227, 0.191566, 0.201004, 0.204074, 
Wine 103, 0.200513, 0.192351, 0.204239, 0.205945, 0.196951, 
Wine 104, 0.206292, 0.199801, 0.190922, 0.20619, 0.196796, 
Wine 105, 0.210186, 0.189311, 0.195369, 0.210043, 0.195091, 
Wine 106, 0.203887, 0.20428, 0.195381, 0.198387, 0.198065, 
Wine 107, 0.193275, 0.204337, 0.202022, 0.195729, 0.204637, 
Wine 108, 0.204971, 0.200541, 0.190058, 0.202063, 0.202368, 
Wine 109, 0.192594, 0.208329, 0.189605, 0.200431, 0.20904, 
Wine 110, 0.205959, 0.196761, 0.197326, 0.203057, 0.196896, 
Wine 111, 0.200565, 0.178636, 0.219738, 0.187567, 0.213494, 
Wine 112, 0.190821, 0.201573, 0.20287, 0.195759, 0.208977, 
Wine 113, 0.193094, 0.214956, 0.19196, 0.195546, 0.204445, 
Wine 114, 0.208658, 0.189619, 0.194505, 0.200112, 0.207106, 
Wine 115, 0.194118, 0.202591, 0.200295, 0.196614, 0.206382, 
Wine 116, 0.191836, 0.186569, 0.204453, 0.220227, 0.196915, 
Wine 117, 0.203914, 0.206597, 0.186647, 0.200989, 0.201854, 
Wine 118, 0.189592, 0.200275, 0.208977, 0.197094, 0.204062, 
Wine 119, 0.200115, 0.195643, 0.19828, 0.211519, 0.194444, 
Wine 120, 0.20283, 0.193788, 0.200999, 0.208433, 0.193951, 
Wine 121, 0.200547, 0.193003, 0.199383, 0.19792, 0.209147, 
Wine 122, 0.198314, 0.19999, 0.20395, 0.200881, 0.196866, 
Wine 123, 0.197319, 0.198324, 0.200933, 0.19989, 0.203534, 
Wine 124, 0.213647, 0.197469, 0.190668, 0.201903, 0.196312, 
Wine 125, 0.207293, 0.19802, 0.192212, 0.204352, 0.198123, 
Wine 126, 0.200247, 0.205402, 0.195126, 0.194917, 0.204308, 
Wine 127, 0.192751, 0.185022, 0.210563, 0.206232, 0.205432, 
Wine 128, 0.201902, 0.192936, 0.200051, 0.199116, 0.205996, 
Wine 129, 0.204429, 0.220314, 0.187723, 0.19118, 0.196353, 
Wine 130, 0.206082, 0.191617, 0.192254, 0.218187, 0.19186, 
Wine 131, 0.184646, 0.20205, 0.205712, 0.199563, 0.20803, 
Wine 132, 0.204725, 0.193801, 0.195631, 0.207427, 0.198415, 
Wine 133, 0.202085, 0.191255, 0.199598, 0.204771, 0.20229, 
Wine 134, 0.206381, 0.192711, 0.194531, 0.212122, 0.194255, 
Wine 135, 0.20496, 0.189689, 0.199055, 0.207683, 0.198614, 
Wine 136, 0.190214, 0.205791, 0.205713, 0.200362, 0.19792, 
Wine 137, 0.190906, 0.202417, 0.20143, 0.201066, 0.204182, 
Wine 138, 0.18953, 0.202661, 0.195493, 0.199895, 0.212421, 
Wine 139, 0.194158, 0.211392, 0.194844, 0.201829, 0.197777, 
Wine 140, 0.190264, 0.198676, 0.201312, 0.205845, 0.203902, 
Wine 141, 0.203692, 0.190265, 0.195194, 0.206399, 0.204451, 
Wine 142, 0.190622, 0.2138, 0.196423, 0.206497, 0.192658, 
Wine 143, 0.192549, 0.19865, 0.21243, 0.192504, 0.203868, 
Wine 144, 0.1879, 0.201007, 0.209741, 0.203287, 0.198066, 
Wine 145, 0.200634, 0.188214, 0.208013, 0.206069, 0.19707, 
Wine 146, 0.212626, 0.198241, 0.187141, 0.209351, 0.19264, 
Wine 147, 0.203194, 0.194892, 0.196733, 0.208736, 0.196445, 
Wine 148, 0.186745, 0.227049, 0.189233, 0.20219, 0.194783, 
Wine 149, 0.197059, 0.194076, 0.209875, 0.197013, 0.201977, 
Wine 150, 0.206932, 0.193226, 0.198258, 0.206811, 0.194773, 
Wine 151, 0.20124, 0.200326, 0.194212, 0.203897, 0.200326, 
Wine 152, 0.21435, 0.200922, 0.19687, 0.197316, 0.190542, 
Wine 153, 0.200225, 0.203359, 0.197751, 0.19494, 0.203725, 
Wine 154, 0.194923, 0.180837, 0.209986, 0.205752, 0.208502, 
Wine 155, 0.192702, 0.208446, 0.199542, 0.190153, 0.209157, 
Wine 156, 0.196913, 0.199994, 0.197809, 0.194226, 0.211058, 
Wine 157, 0.210777, 0.195872, 0.199736, 0.194455, 0.199161, 
Wine 158, 0.19297, 0.20743, 0.19767, 0.198046, 0.203883, 
Wine 159, 0.207357, 0.200001, 0.192823, 0.210149, 0.189669, 
Wine 160, 0.206657, 0.196526, 0.192563, 0.195526, 0.208729, 
Wine 161, 0.206296, 0.192566, 0.191288, 0.206174, 0.203676, 
Wine 162, 0.203731, 0.188646, 0.197884, 0.212286, 0.197453, 
Wine 163, 0.18186, 0.206931, 0.205313, 0.201883, 0.204012, 
Wine 164, 0.205009, 0.198555, 0.195903, 0.204909, 0.195625, 
Wine 165, 0.202786, 0.192648, 0.205817, 0.200081, 0.198668, 
Wine 166, 0.205294, 0.194292, 0.199379, 0.205192, 0.195844, 
Wine 167, 0.186745, 0.207657, 0.203711, 0.199129, 0.202758, 
Wine 168, 0.191011, 0.200215, 0.20418, 0.201062, 0.203533, 
Wine 169, 0.186628, 0.204957, 0.204714, 0.19654, 0.207162, 
Wine 170, 0.19957, 0.197853, 0.193864, 0.202187, 0.206525, 
Wine 171, 0.187784, 0.198669, 0.208565, 0.197583, 0.207399, 
Wine 172, 0.194333, 0.203051, 0.202229, 0.201941, 0.198445, 
Wine 173, 0.199616, 0.195928, 0.199798, 0.2022, 0.202458, 
Wine 174, 0.20958, 0.20709, 0.19807, 0.193558, 0.191703, 
Wine 175, 0.209448, 0.196398, 0.189634, 0.209273, 0.195247, 
Wine 176, 0.205558, 0.199094, 0.199614, 0.202695, 0.193039, 
Wine 177, 0.195148, 0.203666, 0.19794, 0.205894, 0.197351, 
Wine 178, 0.194698, 0.210085, 0.198063, 0.199799, 0.197355, 
Wine 179, 0.204588, 0.191923, 0.201399, 0.207271, 0.19482, 
Wine 180, 0.195801, 0.195828, 0.204269, 0.201065, 0.203036, 
Wine 181, 0.199181, 0.210948, 0.194838, 0.194157, 0.200877, 
Wine 182, 0.203664, 0.193418, 0.199812, 0.203596, 0.19951, 
Wine 183, 0.199541, 0.206344, 0.198383, 0.194443, 0.201289, 
Wine 184, 0.200909, 0.197237, 0.197778, 0.203544, 0.200531, 
Wine 185, 0.206473, 0.195359, 0.197204, 0.200913, 0.200051, 
Wine 186, 0.195274, 0.2043, 0.199935, 0.197754, 0.202737, 
Wine 187, 0.2093, 0.195302, 0.197147, 0.198258, 0.199993, 
Wine 188, 0.201293, 0.194955, 0.195538, 0.206762, 0.201452, 
Wine 189, 0.207251, 0.197995, 0.19535, 0.204331, 0.195073, 
Wine 190, 0.199697, 0.210963, 0.196589, 0.199617, 0.193133, 
Wine 191, 0.212526, 0.188711, 0.194749, 0.206493, 0.197521, 
Wine 192, 0.21094, 0.196023, 0.196632, 0.19709, 0.199315, 
Wine 193, 0.204515, 0.19909, 0.200512, 0.196251, 0.199632, 
Wine 194, 0.204283, 0.189156, 0.198419, 0.206979, 0.201163, 
Wine 195, 0.199545, 0.202337, 0.193905, 0.207697, 0.196515, 
Wine 196, 0.211832, 0.196742, 0.191046, 0.200346, 0.200035, 
Wine 197, 0.209357, 0.195423, 0.197269, 0.200966, 0.196984, 
Wine 198, 0.201437, 0.205347, 0.19448, 0.201372, 0.197365, 
Wine 199, 0.206109, 0.199627, 0.200148, 0.200559, 0.193556, 
Wine 200, 0.209832, 0.193216, 0.191957, 0.204006, 0.200989, 
Wine 201, 0.192915, 0.204548, 0.20009, 0.205968, 0.196479, 
Wine 202, 0.201781, 0.202969, 0.195365, 0.201698, 0.198186, 
Wine 203, 0.191242, 0.197194, 0.203317, 0.198809, 0.209438, 
Wine 204, 0.203694, 0.188611, 0.197847, 0.209266, 0.200583, 
Wine 205, 0.21178, 0.188195, 0.194169, 0.205809, 0.200047, 
Wine 206, 0.204493, 0.195361, 0.195921, 0.198939, 0.205287, 
Wine 207, 0.199859, 0.198827, 0.199372, 0.199795, 0.202147, 
Wine 208, 0.201959, 0.189534, 0.195598, 0.20459, 0.208319, 
Wine 209, 0.206023, 0.189956, 0.194824, 0.211732, 0.197464, 
Wine 210, 0.185417, 0.208718, 0.199627, 0.200601, 0.205637, 
Wine 211, 0.181855, 0.189451, 0.213801, 0.199054, 0.215839, 
Wine 212, 0.185935, 0.209903, 0.202026, 0.200904, 0.201232, 
Wine 213, 0.196356, 0.198016, 0.198505, 0.198898, 0.208226, 
Wine 214, 0.211939, 0.199631, 0.193775, 0.198026, 0.196629, 
Wine 215, 0.202413, 0.203523, 0.196008, 0.202331, 0.195725, 
Wine 216, 0.190901, 0.209489, 0.193593, 0.195921, 0.210096, 
Wine 217, 0.203401, 0.194334, 0.198172, 0.203284, 0.20081, 
Wine 218, 0.205071, 0.189767, 0.186462, 0.22392, 0.194779, 
Wine 219, 0.202259, 0.19589, 0.203179, 0.199498, 0.199174, 
Wine 220, 0.198533, 0.194846, 0.198691, 0.206611, 0.201319, 
Wine 221, 0.194657, 0.203791, 0.206392, 0.20243, 0.19273, 
Wine 222, 0.202718, 0.197064, 0.198925, 0.202654, 0.198638, 
Wine 223, 0.203397, 0.198961, 0.198156, 0.195299, 0.204187, 
Wine 224, 0.202281, 0.20849, 0.199129, 0.194503, 0.195598, 
Wine 225, 0.203371, 0.205771, 0.192316, 0.200495, 0.198046, 
Wine 226, 0.198647, 0.207479, 0.19493, 0.201219, 0.197724, 
Wine 227, 0.204599, 0.188562, 0.203443, 0.207337, 0.196059, 
Wine 228, 0.181955, 0.213023, 0.194919, 0.202128, 0.207975, 
Wine 229, 0.200166, 0.187927, 0.203779, 0.208367, 0.199762, 
Wine 230, 0.205094, 0.19505, 0.201079, 0.207837, 0.19094, 
Wine 231, 0.204009, 0.193124, 0.201493, 0.206703, 0.194671, 
Wine 232, 0.202172, 0.189657, 0.199021, 0.210569, 0.198581, 
Wine 233, 0.19086, 0.206961, 0.19611, 0.20399, 0.202079, 
Wine 234, 0.18996, 0.198609, 0.201197, 0.202877, 0.207358, 
Wine 235, 0.190211, 0.203858, 0.201463, 0.200381, 0.204087, 
Wine 236, 0.208487, 0.203175, 0.191048, 0.197182, 0.200108, 
Wine 237, 0.198522, 0.197496, 0.201403, 0.198459, 0.204119, 
Wine 238, 0.188345, 0.199405, 0.209379, 0.198237, 0.204634, 
Wine 239, 0.192813, 0.20349, 0.196292, 0.197966, 0.20944, 
Wine 240, 0.181249, 0.198922, 0.211549, 0.198328, 0.209952, 
Wine 241, 0.19927, 0.198321, 0.195514, 0.201883, 0.205012, 
Wine 242, 0.208384, 0.198169, 0.185178, 0.208224, 0.200046, 
Wine 243, 0.191439, 0.192791, 0.199932, 0.213348, 0.202489, 
Wine 244, 0.204964, 0.19659, 0.198447, 0.20488, 0.19512, 
Wine 245, 0.194862, 0.198993, 0.206498, 0.197337, 0.202309, 
Wine 246, 0.199288, 0.200381, 0.199516, 0.201902, 0.198913, 
Wine 247, 0.201715, 0.190138, 0.204095, 0.204396, 0.199656, 
Wine 248, 0.196257, 0.197183, 0.196436, 0.204298, 0.205826, 
Wine 249, 0.200692, 0.204587, 0.196923, 0.198032, 0.199766, 
Wine 250, 0.200326, 0.188828, 0.199169, 0.202988, 0.208689, 
Wine 251, 0.205684, 0.191139, 0.19822, 0.197261, 0.207695, 
Wine 252, 0.201474, 0.204868, 0.192477, 0.196085, 0.205097, 
Wine 253, 0.197812, 0.206941, 0.197357, 0.197747, 0.200142, 
Wine 254, 0.202993, 0.199938, 0.195261, 0.2003, 0.201509, 
Wine 255, 0.200778, 0.197742, 0.206485, 0.195682, 0.199313, 
Wine 256, 0.198379, 0.205142, 0.200582, 0.195781, 0.200116, 
Wine 257, 0.205015, 0.200584, 0.193178, 0.202107, 0.199115, 
Wine 258, 0.203866, 0.199381, 0.189211, 0.209498, 0.198044, 
Wine 259, 0.198378, 0.20213, 0.197895, 0.200946, 0.20065, 
Wine 260, 0.205408, 0.206791, 0.192452, 0.199925, 0.195424, 
Wine 261, 0.196326, 0.198453, 0.203762, 0.201441, 0.200018, 
Wine 262, 0.195553, 0.197092, 0.208145, 0.195508, 0.203702, 
Wine 263, 0.199829, 0.208098, 0.200738, 0.194554, 0.196781, 
Wine 264, 0.19977, 0.196749, 0.205448, 0.199722, 0.198312, 
Wine 265, 0.187688, 0.219892, 0.199425, 0.197702, 0.195292, 
Wine 266, 0.186106, 0.218773, 0.199602, 0.193316, 0.202202, 
Wine 267, 0.198332, 0.221037, 0.198536, 0.193176, 0.188919, 
Wine 268, 0.186554, 0.202254, 0.203503, 0.20165, 0.20604, 
Wine 269, 0.194791, 0.206861, 0.205726, 0.19728, 0.195342, 
Wine 270, 0.189415, 0.208552, 0.204343, 0.194333, 0.203356, 
Wine 271, 0.191311, 0.218448, 0.196518, 0.191268, 0.202455, 
Wine 272, 0.196751, 0.203335, 0.198904, 0.199298, 0.201712, 
Wine 273, 0.19755, 0.208489, 0.212173, 0.187725, 0.194063, 
Wine 274, 0.188999, 0.200245, 0.210301, 0.191369, 0.209086, 
Wine 275, 0.187315, 0.200771, 0.20702, 0.202295, 0.2026, 
Wine 276, 0.190983, 0.210312, 0.211432, 0.193363, 0.19391, 
Wine 277, 0.200261, 0.197241, 0.206081, 0.197621, 0.198797, 
Wine 278, 0.194992, 0.207242, 0.195701, 0.200106, 0.20196, 
Wine 279, 0.190768, 0.21508, 0.192071, 0.200901, 0.20118, 
Wine 280, 0.199725, 0.204197, 0.20119, 0.197157, 0.197731, 
Wine 281, 0.194033, 0.219849, 0.189212, 0.201781, 0.195125, 
Wine 282, 0.199915, 0.198196, 0.194199, 0.197187, 0.210502, 
Wine 283, 0.195618, 0.206991, 0.204559, 0.195572, 0.19726, 
Wine 284, 0.192439, 0.198428, 0.204589, 0.197418, 0.207125, 
Wine 285, 0.188865, 0.219445, 0.195057, 0.198739, 0.197893, 
Wine 286, 0.195592, 0.20477, 0.207383, 0.195561, 0.196693, 
Wine 287, 0.192336, 0.212306, 0.202155, 0.194762, 0.198441, 
Wine 288, 0.192649, 0.201932, 0.205931, 0.197557, 0.201932, 
Wine 289, 0.193142, 0.213196, 0.196295, 0.198094, 0.199273, 
Wine 290, 0.197802, 0.202151, 0.202621, 0.195276, 0.202151, 
Wine 291, 0.192176, 0.214892, 0.199389, 0.194616, 0.198926, 
Wine 292, 0.191489, 0.213513, 0.195283, 0.201613, 0.198102, 
Wine 293, 0.205805, 0.197365, 0.202589, 0.195309, 0.198933, 
Wine 294, 0.193699, 0.208003, 0.198369, 0.198761, 0.201169, 
Wine 295, 0.195648, 0.215, 0.195158, 0.193089, 0.201105, 
Wine 296, 0.198873, 0.202733, 0.198402, 0.198809, 0.201183, 
Wine 297, 0.204364, 0.195983, 0.197834, 0.204279, 0.19754, 
Wine 298, 0.198659, 0.197633, 0.201543, 0.201231, 0.200934, 
Wine 299, 0.193401, 0.199641, 0.209626, 0.195873, 0.20146, 
Wine 300, 0.203251, 0.205649, 0.192202, 0.197722, 0.201176, 
Wine 301, 0.185423, 0.223224, 0.205757, 0.187705, 0.19789, 
Wine 302, 0.190578, 0.218305, 0.20099, 0.192968, 0.197159, 
Wine 303, 0.183046, 0.217375, 0.209639, 0.185285, 0.204654, 
Wine 304, 0.1907, 0.204909, 0.197004, 0.200735, 0.206652, 
Wine 305, 0.189929, 0.211773, 0.203825, 0.194782, 0.199691, 
Wine 306, 0.196656, 0.200901, 0.204879, 0.196625, 0.200938, 
Wine 307, 0.190313, 0.201637, 0.204238, 0.200375, 0.203436, 
Wine 308, 0.189173, 0.220054, 0.197007, 0.194085, 0.199681, 
Wine 309, 0.194309, 0.211207, 0.193174, 0.202152, 0.199158, 
Wine 310, 0.1859, 0.21538, 0.207714, 0.188231, 0.202776, 
Wine 311, 0.197841, 0.201582, 0.197359, 0.203112, 0.200106, 
Wine 312, 0.197882, 0.198816, 0.201453, 0.197804, 0.204045, 
Wine 313, 0.191308, 0.202691, 0.205306, 0.196197, 0.204499, 
Wine 314, 0.179086, 0.227986, 0.195071, 0.193386, 0.204471, 
Wine 315, 0.200297, 0.202052, 0.206053, 0.192763, 0.198834, 
Wine 316, 0.196727, 0.208539, 0.19888, 0.194167, 0.201687, 
Wine 317, 0.200104, 0.206392, 0.193741, 0.200021, 0.199742, 
Wine 318, 0.188524, 0.212892, 0.206967, 0.195953, 0.195664, 
Wine 319, 0.1952, 0.199338, 0.199858, 0.202943, 0.20266, 
Wine 320, 0.187731, 0.203106, 0.214676, 0.192558, 0.201929, 
Wine 321, 0.192596, 0.209691, 0.203309, 0.195042, 0.199361, 
Wine 322, 0.189898, 0.20588, 0.214841, 0.189884, 0.199497, 
Wine 323, 0.195149, 0.217123, 0.195326, 0.187739, 0.204663, 
Wine 324, 0.193411, 0.21285, 0.192939, 0.198564, 0.202236, 
Wine 325, 0.192215, 0.206205, 0.207364, 0.194656, 0.199561, 
Wine 326, 0.191295, 0.207823, 0.198347, 0.201408, 0.201127, 
Wine 327, 0.193687, 0.205688, 0.20456, 0.198734, 0.19733, 
Wine 328, 0.188761, 0.219576, 0.190087, 0.198922, 0.202654, 
Wine 329, 0.203837, 0.200134, 0.197356, 0.198468, 0.200205, 
Wine 330, 0.203407, 0.195097, 0.203665, 0.198049, 0.199783, 
Wine 331, 0.201001, 0.207028, 0.201207, 0.193321, 0.197442, 
Wine 332, 0.185324, 0.202792, 0.202792, 0.200296, 0.208795, 
Wine 333, 0.204937, 0.193954, 0.202415, 0.196892, 0.201803, 
Wine 334, 0.197833, 0.208787, 0.191632, 0.197754, 0.203994, 
Wine 335, 0.195022, 0.196015, 0.205779, 0.194944, 0.20824, 
Wine 336, 0.196493, 0.202249, 0.193439, 0.201745, 0.206073, 
Wine 337, 0.197202, 0.202847, 0.207843, 0.19214, 0.199969, 
Wine 338, 0.192593, 0.214079, 0.197835, 0.195024, 0.200469, 
Wine 339, 0.206397, 0.199058, 0.20172, 0.198118, 0.194707, 
Wine 340, 0.191452, 0.216557, 0.196021, 0.193883, 0.202087, 
Wine 341, 0.194613, 0.209483, 0.201154, 0.197084, 0.197666, 
Wine 342, 0.194736, 0.203736, 0.202801, 0.199792, 0.198935, 
Wine 343, 0.191013, 0.212982, 0.204989, 0.193408, 0.197609, 
Wine 344, 0.193934, 0.207593, 0.196709, 0.199068, 0.202696, 
Wine 345, 0.195316, 0.20078, 0.202169, 0.200467, 0.201267, 
Wine 346, 0.191193, 0.207935, 0.195016, 0.201368, 0.204489, 
Wine 347, 0.186534, 0.219275, 0.203634, 0.19127, 0.199287, 
Wine 348, 0.204104, 0.201604, 0.184082, 0.201197, 0.209015, 
Wine 349, 0.196383, 0.202271, 0.196584, 0.191277, 0.213486, 
Wine 350, 0.197871, 0.203804, 0.201495, 0.192727, 0.204103, 
Wine 351, 0.191506, 0.205052, 0.213977, 0.193907, 0.195558, 
Wine 352, 0.20359, 0.197179, 0.201074, 0.200812, 0.197345, 
Wine 353, 0.206065, 0.196847, 0.197387, 0.192802, 0.206898, 
Wine 354, 0.188756, 0.204851, 0.206061, 0.19867, 0.201662, 
Wine 355, 0.185768, 0.220387, 0.203439, 0.188068, 0.202338, 
Wine 356, 0.19761, 0.195857, 0.201929, 0.200185, 0.204419, 
Wine 357, 0.199278, 0.200371, 0.202981, 0.204676, 0.192694, 
Wine 358, 0.188674, 0.216124, 0.202479, 0.19104, 0.201683, 
Wine 359, 0.186327, 0.216095, 0.202452, 0.19347, 0.201656, 
Wine 360, 0.198072, 0.207657, 0.199525, 0.195526, 0.199219, 
Wine 361, 0.200478, 0.201577, 0.194134, 0.200397, 0.203414, 
Wine 362, 0.201306, 0.205424, 0.194275, 0.198603, 0.200391, 
Wine 363, 0.202188, 0.201269, 0.198364, 0.196909, 0.201269, 
Wine 364, 0.195681, 0.204863, 0.203864, 0.19565, 0.199941, 
Wine 365, 0.192221, 0.217427, 0.193572, 0.197213, 0.199567, 
Wine 366, 0.196905, 0.222288, 0.194471, 0.189276, 0.19706, 
Wine 367, 0.190501, 0.215707, 0.193586, 0.200526, 0.19968, 
Wine 368, 0.19179, 0.21694, 0.190036, 0.202114, 0.19912, 
Wine 369, 0.197524, 0.21422, 0.188279, 0.202838, 0.197138, 
Wine 370, 0.209895, 0.190845, 0.198953, 0.198739, 0.201568, 
Wine 371, 0.190028, 0.20853, 0.196007, 0.192456, 0.212979, 
Wine 372, 0.189243, 0.211692, 0.196475, 0.196871, 0.205719, 
Wine 373, 0.200877, 0.196495, 0.189342, 0.20076, 0.212526, 
Wine 374, 0.190187, 0.214391, 0.203206, 0.190128, 0.202088, 
Wine 375, 0.193165, 0.203666, 0.196601, 0.19309, 0.213478, 
Wine 376, 0.200294, 0.198628, 0.20124, 0.192483, 0.207356, 
Wine 377, 0.192694, 0.206718, 0.200674, 0.203066, 0.196849, 
Wine 378, 0.193983, 0.208308, 0.195366, 0.193953, 0.208389, 
Wine 379, 0.186504, 0.20643, 0.191423, 0.2046, 0.211043, 
Wine 380, 0.1989, 0.210121, 0.202543, 0.186663, 0.201772, 
Wine 381, 0.200953, 0.199955, 0.203913, 0.19829, 0.19689, 
Wine 382, 0.199662, 0.213649, 0.200605, 0.189471, 0.196613, 
Wine 383, 0.201028, 0.206202, 0.199185, 0.198254, 0.195331, 
Wine 384, 0.200267, 0.203519, 0.191371, 0.197515, 0.207328, 
Wine 385, 0.198594, 0.207589, 0.191735, 0.201181, 0.2009, 
Wine 386, 0.197065, 0.213723, 0.193998, 0.191942, 0.203272, 
Wine 387, 0.192878, 0.205648, 0.190485, 0.200811, 0.210178, 
Wine 388, 0.196655, 0.208274, 0.205737, 0.194113, 0.195221, 
Wine 389, 0.182899, 0.216747, 0.205439, 0.197332, 0.197583, 
Wine 390, 0.198953, 0.190855, 0.21005, 0.201563, 0.198579, 
Wine 391, 0.201009, 0.205014, 0.200547, 0.19334, 0.200089, 
Wine 392, 0.203023, 0.194759, 0.199859, 0.202941, 0.199417, 
Wine 393, 0.198708, 0.200388, 0.204356, 0.196123, 0.200424, 
Wine 394, 0.201756, 0.205883, 0.201307, 0.196488, 0.194566, 
Wine 395, 0.197268, 0.203749, 0.202814, 0.197221, 0.198948, 
Wine 396, 0.200136, 0.201314, 0.203911, 0.194864, 0.199774, 
Wine 397, 0.205594, 0.197163, 0.199026, 0.205509, 0.192708, 
Wine 398, 0.196874, 0.211628, 0.205187, 0.194359, 0.191952, 
Wine 399, 0.183831, 0.204417, 0.207977, 0.193423, 0.210353, 
Wine 400, 0.204209, 0.193936, 0.200346, 0.201466, 0.200043, 
Wine 401, 0.19613, 0.204691, 0.209694, 0.191139, 0.198345, 
Wine 402, 0.203599, 0.197189, 0.201087, 0.200801, 0.197324, 
Wine 403, 0.200736, 0.195137, 0.20365, 0.200672, 0.199804, 
Wine 404, 0.195453, 0.202318, 0.199398, 0.200513, 0.202318, 
Wine 405, 0.20372, 0.195396, 0.20054, 0.206409, 0.193935, 
Wine 406, 0.207877, 0.193068, 0.200285, 0.199246, 0.199523, 
Wine 407, 0.208276, 0.194347, 0.196182, 0.2053, 0.195895, 
Wine 408, 0.201153, 0.197476, 0.201383, 0.195889, 0.204099, 
Wine 409, 0.199962, 0.20444, 0.198115, 0.202551, 0.194932, 
Wine 410, 0.186142, 0.226316, 0.198384, 0.188461, 0.200697, 
Wine 411, 0.18524, 0.223004, 0.198439, 0.192325, 0.200992, 
Wine 412, 0.197996, 0.192473, 0.208019, 0.197933, 0.203579, 
Wine 413, 0.199014, 0.193449, 0.213065, 0.196376, 0.198095, 
Wine 414, 0.198186, 0.194564, 0.198413, 0.200785, 0.208051, 
Wine 415, 0.209097, 0.198846, 0.188703, 0.208936, 0.194419, 
Wine 416, 0.194293, 0.193182, 0.211253, 0.204846, 0.196426, 
Wine 417, 0.202747, 0.197051, 0.198912, 0.202679, 0.198611, 
Wine 418, 0.189046, 0.2056, 0.206695, 0.196466, 0.202193, 
Wine 419, 0.207166, 0.189105, 0.201814, 0.209956, 0.191959, 
Wine 420, 0.196699, 0.216469, 0.19622, 0.191662, 0.198951, 
Wine 421, 0.180838, 0.235765, 0.190217, 0.200479, 0.192701, 
Wine 422, 0.192611, 0.212354, 0.193984, 0.197645, 0.203407, 
Wine 423, 0.1876, 0.206349, 0.200315, 0.202703, 0.203034, 
Wine 424, 0.201587, 0.202858, 0.201868, 0.19883, 0.194856, 
Wine 425, 0.195817, 0.197303, 0.204678, 0.198303, 0.203899, 
Wine 426, 0.198751, 0.202608, 0.205222, 0.198686, 0.194733, 
Wine 427, 0.194637, 0.198839, 0.206371, 0.194607, 0.205546, 
Wine 428, 0.198512, 0.210431, 0.197357, 0.193473, 0.200227, 
Wine 429, 0.202015, 0.200277, 0.199518, 0.199258, 0.198934, 
Wine 430, 0.205774, 0.192876, 0.202559, 0.202959, 0.195832, 
Wine 431, 0.202317, 0.201354, 0.198504, 0.199618, 0.198208, 
Wine 432, 0.189584, 0.208467, 0.20813, 0.197055, 0.196764, 
Wine 433, 0.20355, 0.19331, 0.1997, 0.200816, 0.202625, 
Wine 434, 0.199478, 0.193197, 0.200288, 0.213595, 0.193442, 
Wine 435, 0.208678, 0.195675, 0.198331, 0.202788, 0.194529, 
Wine 436, 0.194758, 0.208252, 0.194258, 0.202599, 0.200134, 
Wine 437, 0.188853, 0.213197, 0.198255, 0.198662, 0.201034, 
Wine 438, 0.189803, 0.220787, 0.194332, 0.194731, 0.200346, 
Wine 439, 0.20404, 0.198308, 0.196913, 0.203972, 0.196768, 
Wine 440, 0.208881, 0.194979, 0.193685, 0.205918, 0.196537, 
Wine 441, 0.196115, 0.200426, 0.204396, 0.198637, 0.200426, 
Wine 442, 0.211289, 0.200933, 0.193821, 0.197416, 0.196541, 
Wine 443, 0.203689, 0.202054, 0.201182, 0.195693, 0.197382, 
Wine 444, 0.200968, 0.20207, 0.204703, 0.200886, 0.191373, 
Wine 445, 0.197992, 0.194315, 0.19815, 0.215036, 0.194507, 
Wine 446, 0.188979, 0.199795, 0.208492, 0.199198, 0.203535, 
Wine 447, 0.192503, 0.19908, 0.206588, 0.20268, 0.19915, 
Wine 448, 0.187906, 0.217704, 0.192301, 0.200597, 0.201493, 
Wine 449, 0.186687, 0.20558, 0.202984, 0.199088, 0.20566, 
Wine 450, 0.192547, 0.209408, 0.193217, 0.205575, 0.199253, 
Wine 451, 0.19497, 0.207879, 0.192551, 0.202989, 0.201611, 
Wine 452, 0.200278, 0.20935, 0.196517, 0.197625, 0.19623, 
Wine 453, 0.202544, 0.20891, 0.202801, 0.189928, 0.195817, 
Wine 454, 0.193198, 0.202264, 0.204845, 0.195667, 0.204027, 
Wine 455, 0.18688, 0.207807, 0.196911, 0.202002, 0.2064, 
Wine 456, 0.197675, 0.204169, 0.206803, 0.19512, 0.196233, 
Wine 457, 0.206274, 0.192545, 0.200945, 0.206152, 0.194083, 
Wine 458, 0.190118, 0.209358, 0.203113, 0.194931, 0.20248, 
Wine 459, 0.194549, 0.203678, 0.202684, 0.197036, 0.202052, 
Wine 460, 0.192741, 0.212497, 0.197388, 0.200438, 0.196937, 
Wine 461, 0.188639, 0.213599, 0.198189, 0.198566, 0.201006, 
Wine 462, 0.194772, 0.209654, 0.194772, 0.199798, 0.201004, 
Wine 463, 0.194139, 0.210767, 0.199538, 0.19662, 0.198935, 
Wine 464, 0.186598, 0.219815, 0.200251, 0.193873, 0.199464, 
Wine 465, 0.185221, 0.211801, 0.202201, 0.192396, 0.208381, 
Wine 466, 0.189815, 0.208458, 0.200939, 0.197247, 0.203541, 
Wine 467, 0.188174, 0.218642, 0.204601, 0.188174, 0.20041, 
Wine 468, 0.192146, 0.205932, 0.203512, 0.205212, 0.193198, 
Wine 469, 0.182543, 0.222996, 0.205239, 0.191903, 0.197318, 
Wine 470, 0.187452, 0.211931, 0.196862, 0.197252, 0.206503, 
Wine 471, 0.19396, 0.197356, 0.207104, 0.199027, 0.202553, 
Wine 472, 0.194338, 0.208689, 0.195723, 0.199417, 0.201833, 
Wine 473, 0.206828, 0.191224, 0.200823, 0.203926, 0.197199, 
Wine 474, 0.198172, 0.209564, 0.205461, 0.198092, 0.188711, 
Wine 475, 0.188903, 0.212976, 0.199973, 0.198936, 0.199212, 
Wine 476, 0.196836, 0.203186, 0.198929, 0.199351, 0.201698, 
Wine 477, 0.195049, 0.211755, 0.203965, 0.192544, 0.196687, 
Wine 478, 0.201959, 0.193769, 0.195599, 0.21029, 0.198383, 
Wine 479, 0.202848, 0.192708, 0.202382, 0.200143, 0.201919, 
Wine 480, 0.196841, 0.20109, 0.201587, 0.199356, 0.201126, 
Wine 481, 0.19546, 0.205231, 0.202085, 0.19546, 0.201764, 
Wine 482, 0.18846, 0.222008, 0.198756, 0.195808, 0.194968, 
Wine 483, 0.186059, 0.209738, 0.202023, 0.200938, 0.201242, 
Wine 484, 0.19414, 0.198256, 0.20944, 0.196605, 0.201559, 
Wine 485, 0.183054, 0.216688, 0.203938, 0.190083, 0.206237, 
Wine 486, 0.189795, 0.223581, 0.190446, 0.199829, 0.196349, 
Wine 487, 0.193401, 0.199641, 0.209626, 0.195873, 0.20146, 
Wine 488, 0.200593, 0.199557, 0.200104, 0.20319, 0.196556, 
Wine 489, 0.2008, 0.190133, 0.205254, 0.209173, 0.19464, 
Wine 490, 0.186628, 0.218934, 0.196646, 0.20173, 0.196061, 
Wine 491, 0.191485, 0.216821, 0.197815, 0.196363, 0.197516, 
Wine 492, 0.193545, 0.210493, 0.200744, 0.201141, 0.194077, 
Wine 493, 0.210288, 0.200866, 0.194896, 0.199193, 0.194757, 
Wine 494, 0.190349, 0.217753, 0.198963, 0.197931, 0.195004, 
Wine 495, 0.197903, 0.199518, 0.210774, 0.195345, 0.19646, 
Wine 496, 0.195388, 0.194939, 0.203558, 0.203191, 0.202923, 
Wine 497, 0.208405, 0.199082, 0.196372, 0.200052, 0.196088, 
Wine 498, 0.198317, 0.215565, 0.193993, 0.19827, 0.193854, 
Wine 499, 0.193564, 0.218198, 0.199654, 0.186361, 0.202223, 
Wine 500, 0.19678, 0.197636, 0.193726, 0.202004, 0.209854, 
Wine 501, 0.184856, 0.207767, 0.206142, 0.199891, 0.201344, 
Wine 502, 0.199885, 0.203765, 0.199411, 0.194733, 0.202206, 
Wine 503, 0.204452, 0.200786, 0.201253, 0.198994, 0.194514, 
Wine 504, 0.203524, 0.199085, 0.201704, 0.197997, 0.19769, 
Wine 505, 0.205852, 0.196644, 0.200534, 0.200224, 0.196747, 
Wine 506, 0.211765, 0.194909, 0.19675, 0.203097, 0.193479, 
Wine 507, 0.20399, 0.188885, 0.208582, 0.20389, 0.194652, 
Wine 508, 0.202343, 0.194046, 0.202625, 0.202259, 0.198727, 
Wine 509, 0.206816, 0.204439, 0.192237, 0.198408, 0.1981, 
Wine 510, 0.202555, 0.198137, 0.194065, 0.205265, 0.199979, 
Wine 511, 0.195517, 0.202482, 0.206492, 0.193065, 0.202444, 
Wine 512, 0.199393, 0.20632, 0.205188, 0.194267, 0.194832, 
Wine 513, 0.193784, 0.219194, 0.198409, 0.193754, 0.194859, 
Wine 514, 0.196623, 0.201389, 0.199886, 0.199136, 0.202965, 
Wine 515, 0.198978, 0.202841, 0.205457, 0.191435, 0.201289, 
Wine 516, 0.200247, 0.197688, 0.200996, 0.20023, 0.200838, 
Wine 517, 0.194584, 0.214822, 0.2028, 0.192099, 0.195695, 
Wine 518, 0.202834, 0.201868, 0.199011, 0.197572, 0.198715, 
Wine 519, 0.19076, 0.216001, 0.203912, 0.19562, 0.193706, 
Wine 520, 0.191273, 0.205525, 0.208117, 0.191273, 0.203812, 
Wine 521, 0.201744, 0.203575, 0.204018, 0.196557, 0.194107, 
Wine 522, 0.200908, 0.202731, 0.206746, 0.193303, 0.196312, 
Wine 523, 0.200953, 0.199955, 0.203913, 0.19829, 0.19689, 
Wine 524, 0.19749, 0.201831, 0.20951, 0.192553, 0.198617, 
Wine 525, 0.198477, 0.200155, 0.207737, 0.193439, 0.200191, 
Wine 526, 0.192831, 0.204459, 0.207068, 0.192816, 0.202826, 
Wine 527, 0.202118, 0.19907, 0.204396, 0.196921, 0.197494, 
Wine 528, 0.192476, 0.206817, 0.20222, 0.19995, 0.198538, 
Wine 529, 0.199191, 0.200936, 0.198036, 0.194103, 0.207734, 
Wine 530, 0.188902, 0.216771, 0.199316, 0.196316, 0.198694, 
Wine 531, 0.199709, 0.204264, 0.201196, 0.197125, 0.197706, 
Wine 532, 0.192094, 0.21449, 0.206276, 0.194518, 0.192622, 
Wine 533, 0.193463, 0.205287, 0.204225, 0.193448, 0.203577, 
Wine 534, 0.198548, 0.200738, 0.206138, 0.198532, 0.196043, 
Wine 535, 0.193895, 0.205432, 0.19456, 0.19885, 0.207264, 
Wine 536, 0.199899, 0.201075, 0.200152, 0.202538, 0.196337, 
Wine 537, 0.200124, 0.206947, 0.202347, 0.195012, 0.195571, 
Wine 538, 0.199622, 0.208664, 0.199149, 0.196977, 0.195587, 
Wine 539, 0.193688, 0.21088, 0.204462, 0.193673, 0.197298, 
Wine 540, 0.193097, 0.210236, 0.207483, 0.195549, 0.193635, 
Wine 541, 0.192843, 0.20936, 0.198205, 0.195307, 0.204285, 
Wine 542, 0.20116, 0.207334, 0.198025, 0.195895, 0.197586, 
Wine 543, 0.195389, 0.206209, 0.195567, 0.197919, 0.204916, 
Wine 544, 0.198367, 0.207186, 0.201246, 0.195756, 0.197445, 
Wine 545, 0.196889, 0.205643, 0.199747, 0.191847, 0.205874, 
Wine 546, 0.195132, 0.209542, 0.203291, 0.192655, 0.19938, 
Wine 547, 0.200835, 0.197802, 0.203065, 0.195704, 0.202594, 
Wine 548, 0.200809, 0.205477, 0.202327, 0.195694, 0.195694, 
Wine 549, 0.201985, 0.203818, 0.197512, 0.199322, 0.197364, 
Wine 550, 0.196378, 0.203373, 0.203816, 0.196362, 0.200071, 
Wine 551, 0.204518, 0.200851, 0.194721, 0.199059, 0.200851, 
Wine 552, 0.193197, 0.210582, 0.200514, 0.195666, 0.200041, 
Wine 553, 0.191636, 0.206094, 0.20142, 0.196549, 0.204302, 
Wine 554, 0.195247, 0.202203, 0.202643, 0.197743, 0.202165, 
Wine 555, 0.195894, 0.210862, 0.195894, 0.198382, 0.198967, 
Wine 556, 0.197917, 0.202348, 0.202788, 0.197885, 0.199062, 
Wine 557, 0.191474, 0.213496, 0.205484, 0.19146, 0.198086, 
Wine 558, 0.188474, 0.218991, 0.204927, 0.193245, 0.194363, 
Wine 559, 0.195504, 0.205157, 0.202075, 0.195504, 0.20176, 
Wine 560, 0.194149, 0.208984, 0.197345, 0.19916, 0.200362, 
Wine 561, 0.200154, 0.201332, 0.197031, 0.194882, 0.206602, 
Wine 562, 0.193527, 0.202608, 0.201619, 0.201255, 0.20099, 
Wine 563, 0.201453, 0.200494, 0.204464, 0.196227, 0.197362, 
Wine 564, 0.185397, 0.2304, 0.192111, 0.200399, 0.191693, 
Wine 565, 0.198558, 0.205327, 0.207918, 0.191089, 0.197108, 
Wine 566, 0.190536, 0.221641, 0.195084, 0.198095, 0.194645, 
Wine 567, 0.199736, 0.20198, 0.203884, 0.1972, 0.1972, 
Wine 568, 0.203337, 0.20237, 0.199505, 0.195579, 0.199208, 
Wine 569, 0.197318, 0.201655, 0.198744, 0.197286, 0.204997, 
Wine 570, 0.198282, 0.202641, 0.203112, 0.193325, 0.202641, 
Wine 571, 0.19498, 0.209591, 0.206847, 0.192489, 0.196093, 
Wine 572, 0.192611, 0.21261, 0.199031, 0.200139, 0.195609, 
Wine 573, 0.198539, 0.205307, 0.197387, 0.19849, 0.200278, 
Wine 574, 0.192434, 0.209515, 0.203138, 0.192419, 0.202494, 
Wine 575, 0.192994, 0.20479, 0.200238, 0.195445, 0.206532, 
Wine 576, 0.196978, 0.206364, 0.198403, 0.196947, 0.201308, 
Wine 577, 0.193463, 0.205287, 0.204225, 0.193448, 0.203577, 
Wine 578, 0.201749, 0.208242, 0.198597, 0.1964, 0.195013, 
Wine 579, 0.20244, 0.204277, 0.20127, 0.197235, 0.194778, 
Wine 580, 0.195517, 0.202482, 0.206492, 0.193065, 0.202444, 
Wine 581, 0.198256, 0.197821, 0.203085, 0.198224, 0.202614, 
Wine 582, 0.200235, 0.199241, 0.206755, 0.197582, 0.196187, 
Wine 583, 0.195739, 0.202712, 0.203153, 0.195723, 0.202673, 
Wine 584, 0.19218, 0.208785, 0.206242, 0.197092, 0.195701, 
Wine 585, 0.197548, 0.201971, 0.205971, 0.192578, 0.201933, 
Wine 586, 0.19306, 0.209741, 0.196885, 0.200588, 0.199727, 
Wine 587, 0.195771, 0.207902, 0.193317, 0.203557, 0.199453, 
Wine 588, 0.193662, 0.205499, 0.200931, 0.196121, 0.203787, 
Wine 589, 0.191813, 0.210918, 0.199681, 0.191783, 0.205805, 
Wine 590, 0.20145, 0.208448, 0.196989, 0.196271, 0.196842, 
Wine 591, 0.191125, 0.210716, 0.204303, 0.193522, 0.200335, 
Wine 592, 0.19722, 0.208872, 0.202764, 0.192245, 0.198899, 
Wine 593, 0.188098, 0.215848, 0.198468, 0.192936, 0.204649, 
Wine 594, 0.201647, 0.191566, 0.201183, 0.201581, 0.204023, 
Wine 595, 0.198034, 0.209733, 0.20017, 0.195474, 0.196589, 
Wine 596, 0.196217, 0.203207, 0.203649, 0.193757, 0.203169, 
Wine 597, 0.197106, 0.201439, 0.205428, 0.194588, 0.201439, 
Wine 598, 0.194114, 0.203086, 0.198747, 0.199155, 0.204897, 
Wine 599, 0.194196, 0.201017, 0.208664, 0.191776, 0.204348, 
Wine 600, 0.199013, 0.205798, 0.201223, 0.196407, 0.197559, 
Wine 601, 0.196316, 0.20567, 0.201098, 0.196285, 0.200631, 
Wine 602, 0.196351, 0.216085, 0.192677, 0.196288, 0.198599, 
Wine 603, 0.200021, 0.201773, 0.202243, 0.197402, 0.19856, 
Wine 604, 0.199836, 0.219391, 0.197366, 0.189701, 0.193706, 
Wine 605, 0.199508, 0.204058, 0.20447, 0.194457, 0.197507, 
Wine 606, 0.200069, 0.197528, 0.204224, 0.197528, 0.200651, 
Wine 607, 0.192101, 0.211791, 0.193469, 0.199772, 0.202867, 
Wine 608, 0.200013, 0.206832, 0.205761, 0.194904, 0.19249, 
Wine 609, 0.193887, 0.211097, 0.201165, 0.196349, 0.197502, 
Wine 610, 0.196753, 0.214131, 0.198906, 0.191758, 0.198452, 
Wine 611, 0.185276, 0.220494, 0.204766, 0.192334, 0.197131, 
Wine 612, 0.201827, 0.201453, 0.203351, 0.196685, 0.196685, 
Wine 613, 0.200021, 0.201773, 0.202243, 0.197402, 0.19856, 
Wine 614, 0.18821, 0.218684, 0.201075, 0.18821, 0.203822, 
Wine 615, 0.188131, 0.207171, 0.204554, 0.192894, 0.207251, 
Wine 616, 0.194617, 0.216984, 0.200029, 0.192118, 0.196251, 
Wine 617, 0.19616, 0.21086, 0.204443, 0.191257, 0.19728, 
Wine 618, 0.197105, 0.206496, 0.19853, 0.19964, 0.19823, 
Wine 619, 0.204029, 0.200346, 0.19751, 0.203944, 0.194171, 
Wine 620, 0.198901, 0.203354, 0.203797, 0.193897, 0.200052, 
Wine 621, 0.194774, 0.209371, 0.199519, 0.19728, 0.199056, 
Wine 622, 0.19466, 0.204271, 0.197864, 0.202318, 0.200888, 
Wine 623, 0.195721, 0.202596, 0.206608, 0.195706, 0.199369, 
Wine 624, 0.194699, 0.209388, 0.197878, 0.197156, 0.200879, 
Wine 625, 0.207278, 0.202798, 0.192198, 0.196414, 0.201313, 
Wine 626, 0.203019, 0.204214, 0.196564, 0.202935, 0.193268, 
Wine 627, 0.200683, 0.204578, 0.210952, 0.193074, 0.190713, 
Wine 628, 0.202094, 0.208984, 0.194493, 0.196932, 0.197497, 
Wine 629, 0.198791, 0.198377, 0.207267, 0.198759, 0.196806, 
Wine 630, 0.193748, 0.210946, 0.20102, 0.193733, 0.200553, 
Wine 631, 0.193398, 0.205219, 0.207808, 0.193383, 0.200191, 
Wine 632, 0.194017, 0.205875, 0.208472, 0.194002, 0.197634, 
Wine 633, 0.193406, 0.210574, 0.194089, 0.198413, 0.203518, 
Wine 634, 0.20055, 0.197521, 0.202778, 0.203163, 0.195987, 
Wine 635, 0.195545, 0.207661, 0.199529, 0.198044, 0.199222, 
Wine 636, 0.187753, 0.223441, 0.200371, 0.194905, 0.19353, 
Wine 637, 0.196696, 0.202458, 0.196875, 0.194077, 0.209895, 
Wine 638, 0.201209, 0.20291, 0.200038, 0.196102, 0.199741, 
Wine 639, 0.207796, 0.196561, 0.198417, 0.202163, 0.195063, 
Wine 640, 0.204209, 0.193936, 0.200346, 0.201466, 0.200043, 
Wine 641, 0.189152, 0.20854, 0.20581, 0.191524, 0.204974, 
Wine 642, 0.193473, 0.200268, 0.200734, 0.198481, 0.207044, 
Wine 643, 0.187959, 0.209577, 0.205347, 0.192762, 0.204355, 
Wine 644, 0.192143, 0.209198, 0.199355, 0.197117, 0.202188, 
Wine 645, 0.197683, 0.19725, 0.20603, 0.200226, 0.198811, 
Wine 646, 0.197494, 0.199673, 0.201557, 0.200034, 0.201242, 
Wine 647, 0.208731, 0.206332, 0.19095, 0.200246, 0.193741, 
Wine 648, 0.199013, 0.205798, 0.201223, 0.196407, 0.197559, 
Wine 649, 0.19572, 0.213008, 0.208577, 0.188404, 0.194291, 
Wine 650, 0.204015, 0.200309, 0.197528, 0.203931, 0.194217, 
Wine 651, 0.198441, 0.210552, 0.200645, 0.193371, 0.196991, 
Wine 652, 0.201828, 0.20366, 0.200661, 0.196639, 0.197211, 
Wine 653, 0.199247, 0.201445, 0.203345, 0.199231, 0.196733, 
Wine 654, 0.20201, 0.198959, 0.200838, 0.194412, 0.20378, 
Wine 655, 0.193505, 0.20829, 0.200009, 0.198499, 0.199697, 
Wine 656, 0.200204, 0.20477, 0.201694, 0.195135, 0.198196, 
Wine 657, 0.19244, 0.206958, 0.198854, 0.199961, 0.201787, 
Wine 658, 0.201272, 0.204422, 0.205736, 0.193473, 0.195097, 
Wine 659, 0.194515, 0.206568, 0.205434, 0.192076, 0.201407, 
Wine 660, 0.194872, 0.204377, 0.204821, 0.194872, 0.201058, 
Wine 661, 0.190613, 0.204816, 0.2074, 0.190613, 0.206558, 
Wine 662, 0.198415, 0.202858, 0.203299, 0.195864, 0.199564, 
Wine 663, 0.197777, 0.207201, 0.199207, 0.202981, 0.192833, 
Wine 664, 0.190835, 0.210395, 0.200496, 0.198245, 0.20003, 
Wine 665, 0.199041, 0.205701, 0.201219, 0.196451, 0.197588, 
Wine 666, 0.198031, 0.198031, 0.204744, 0.198031, 0.201162, 
Wine 667, 0.202438, 0.206579, 0.198609, 0.197152, 0.195223, 
Wine 668, 0.199842, 0.198849, 0.199368, 0.199777, 0.202163, 
Wine 669, 0.186598, 0.219815, 0.200251, 0.193873, 0.199464, 
Wine 670, 0.194791, 0.206861, 0.205726, 0.19728, 0.195342, 
Wine 671, 0.198669, 0.198255, 0.20714, 0.196115, 0.199819, 
Wine 672, 0.193997, 0.20882, 0.200518, 0.196461, 0.200205, 
Wine 673, 0.199542, 0.20129, 0.198384, 0.199494, 0.20129, 
Wine 674, 0.189964, 0.211812, 0.200343, 0.194819, 0.203062, 
Wine 675, 0.196905, 0.206749, 0.196905, 0.199422, 0.200018, 
Wine 676, 0.196743, 0.208366, 0.202274, 0.1942, 0.198418, 
Wine 677, 0.198558, 0.205327, 0.207918, 0.191089, 0.197108, 
Wine 678, 0.199725, 0.204197, 0.20119, 0.197157, 0.197731, 
Wine 679, 0.197648, 0.20479, 0.201714, 0.197632, 0.198216, 
Wine 680, 0.196217, 0.203207, 0.203649, 0.193757, 0.203169, 
Wine 681, 0.188323, 0.207382, 0.204763, 0.195588, 0.203945, 
Wine 682, 0.195144, 0.212465, 0.199082, 0.197622, 0.195688, 
Wine 683, 0.192765, 0.212523, 0.200825, 0.190318, 0.203569, 
Wine 684, 0.198324, 0.210232, 0.200495, 0.190911, 0.200037, 
Wine 685, 0.189192, 0.229276, 0.197753, 0.186777, 0.197001, 
Wine 686, 0.191013, 0.212982, 0.204989, 0.193408, 0.197609, 
Wine 687, 0.195302, 0.199518, 0.207075, 0.195271, 0.202834, 
Wine 688, 0.195739, 0.202712, 0.203153, 0.195723, 0.202673, 
Wine 689, 0.201209, 0.205015, 0.197445, 0.196056, 0.200275, 
Wine 690, 0.197737, 0.20259, 0.201047, 0.197737, 0.200889, 
Wine 691, 0.192546, 0.207073, 0.205936, 0.192546, 0.201899, 
Wine 692, 0.202006, 0.201632, 0.200127, 0.199375, 0.19686, 
Wine 693, 0.185337, 0.220566, 0.201239, 0.192397, 0.200461, 
Wine 694, 0.193642, 0.216532, 0.204414, 0.191229, 0.194183, 
Wine 695, 0.197174, 0.206716, 0.205581, 0.192214, 0.198315, 
Wine 696, 0.189797, 0.214583, 0.202771, 0.19712, 0.195728, 
Wine 697, 0.197106, 0.201439, 0.205428, 0.194588, 0.201439, 
Wine 698, 0.201489, 0.213786, 0.19391, 0.19391, 0.196905, 
Wine 699, 0.198984, 0.213723, 0.198527, 0.193822, 0.194944, 
Wine 700, 0.190655, 0.218782, 0.194467, 0.195559, 0.200538, 
Wine 701, 0.194607, 0.201442, 0.205432, 0.197078, 0.201442, 
Wine 702, 0.194303, 0.211788, 0.201663, 0.194288, 0.197958, 
Wine 703, 0.185391, 0.227051, 0.197851, 0.192453, 0.197253, 
Wine 704, 0.200021, 0.201773, 0.202243, 0.197402, 0.19856, 
Wine 705, 0.194045, 0.206068, 0.204938, 0.19403, 0.20092, 
Wine 706, 0.195147, 0.20987, 0.201652, 0.195147, 0.198184, 
Wine 707, 0.197804, 0.204952, 0.198523, 0.200348, 0.198372, 
Wine 708, 0.208344, 0.197079, 0.198941, 0.200058, 0.195578, 
Wine 709, 0.197106, 0.201439, 0.205428, 0.194588, 0.201439, 
Wine 710, 0.194342, 0.203938, 0.20435, 0.19681, 0.200561, 
Wine 711, 0.199757, 0.20423, 0.197911, 0.197189, 0.200913, 
Wine 712, 0.195517, 0.202482, 0.206492, 0.193065, 0.202444, 
Wine 713, 0.195517, 0.202482, 0.206492, 0.193065, 0.202444, 
Wine 714, 0.194441, 0.201271, 0.205257, 0.194426, 0.204606, 
Wine 715, 0.193632, 0.209452, 0.190627, 0.196122, 0.210166, 
Wine 716, 0.195049, 0.211755, 0.203965, 0.192544, 0.196687, 
Wine 717, 0.193218, 0.22476, 0.19145, 0.193188, 0.197384, 
Wine 718, 0.195219, 0.212786, 0.195918, 0.200305, 0.195771, 
Wine 719, 0.196053, 0.213696, 0.200048, 0.193595, 0.196608, 
Wine 720, 0.193802, 0.20861, 0.203782, 0.193802, 0.200004, 
Wine 721, 0.200217, 0.2047, 0.201686, 0.19518, 0.198218, 
Wine 722, 0.192674, 0.215137, 0.203295, 0.192659, 0.196234, 
Wine 723, 0.19336, 0.208134, 0.19986, 0.195816, 0.20283, 
Wine 724, 0.203041, 0.207194, 0.1992, 0.197739, 0.192826, 
Wine 725, 0.194791, 0.206697, 0.202102, 0.194776, 0.201633, 
Wine 726, 0.194181, 0.203768, 0.20418, 0.194181, 0.20369, 
Wine 727, 0.197519, 0.199659, 0.201544, 0.200044, 0.201234, 
Wine 728, 0.194837, 0.209224, 0.199534, 0.197326, 0.199078, 
Wine 729, 0.186507, 0.216706, 0.199256, 0.198896, 0.198635, 
Wine 730, 0.189573, 0.214077, 0.204374, 0.191965, 0.200011, 
Wine 731, 0.196996, 0.204013, 0.204457, 0.19698, 0.197553, 
Wine 732, 0.194515, 0.206568, 0.205434, 0.192076, 0.201407, 
Wine 733, 0.200303, 0.207132, 0.199141, 0.19768, 0.195746, 
Wine 734, 0.202732, 0.199675, 0.205017, 0.197519, 0.195058, 
Wine 735, 0.19546, 0.205231, 0.202085, 0.19546, 0.201764, 
Wine 736, 0.196308, 0.216038, 0.189566, 0.196245, 0.201843, 
Wine 737, 0.195414, 0.218215, 0.188154, 0.197927, 0.20029, 
Wine 738, 0.195146, 0.207238, 0.206101, 0.192699, 0.198816, 
Wine 739, 0.19613, 0.204691, 0.209694, 0.191139, 0.198345, 
Wine 740, 0.20034, 0.1953, 0.201809, 0.197764, 0.204787, 
Wine 741, 0.200163, 0.207116, 0.199005, 0.195016, 0.1987, 
Wine 742, 0.197111, 0.21349, 0.200668, 0.192019, 0.196712, 
Wine 743, 0.19504, 0.204192, 0.203196, 0.19501, 0.202562, 
Wine 744, 0.202324, 0.20416, 0.201154, 0.194666, 0.197696, 
Wine 745, 0.189212, 0.216741, 0.206716, 0.191585, 0.195746, 
Wine 746, 0.196151, 0.227411, 0.19701, 0.186264, 0.193163, 
Wine 747, 0.19376, 0.20321, 0.203653, 0.196205, 0.203172, 
Wine 748, 0.20048, 0.199526, 0.200019, 0.200414, 0.199562, 
Wine 749, 0.198157, 0.200343, 0.198877, 0.200706, 0.201917, 
Wine 750, 0.195989, 0.198112, 0.206991, 0.195974, 0.202933, 
Wine 751, 0.211213, 0.197087, 0.198949, 0.200069, 0.192683, 
Wine 752, 0.201675, 0.200715, 0.197874, 0.198985, 0.200751, 
Wine 753, 0.194253, 0.219725, 0.198889, 0.191803, 0.195331, 
Wine 754, 0.192958, 0.209854, 0.200135, 0.200531, 0.196523, 
Wine 755, 0.193997, 0.20882, 0.200518, 0.196461, 0.200205, 
Wine 756, 0.202508, 0.198829, 0.199348, 0.197173, 0.202142, 
Wine 757, 0.188997, 0.208124, 0.201916, 0.196289, 0.204675, 
Wine 758, 0.19754, 0.220945, 0.19639, 0.19497, 0.190156, 
Wine 759, 0.192853, 0.20974, 0.200026, 0.197813, 0.199569, 
Wine 760, 0.18961, 0.214699, 0.199209, 0.194441, 0.202041, 
Wine 761, 0.195917, 0.202896, 0.199909, 0.198421, 0.202858, 
Wine 762, 0.206096, 0.195662, 0.198856, 0.200679, 0.198707, 
Wine 763, 0.201393, 0.19882, 0.202147, 0.19882, 0.19882, 
Wine 764, 0.201504, 0.196403, 0.203004, 0.196403, 0.202687, 
Wine 765, 0.197021, 0.20414, 0.201074, 0.197005, 0.20076, 
Wine 766, 0.192905, 0.207459, 0.202754, 0.197852, 0.199029, 
Wine 767, 0.197028, 0.204147, 0.197744, 0.197012, 0.204069, 
Wine 768, 0.204616, 0.198855, 0.194257, 0.201849, 0.200423, 
Wine 769, 0.199398, 0.198961, 0.204255, 0.196851, 0.200536, 
Wine 770, 0.197508, 0.209366, 0.193179, 0.19746, 0.202487, 
Wine 771, 0.203239, 0.209626, 0.200067, 0.190579, 0.196488, 
Wine 772, 0.201827, 0.201453, 0.203351, 0.196685, 0.196685, 
Wine 773, 0.201807, 0.196698, 0.199936, 0.201774, 0.199784, 
Wine 774, 0.201828, 0.20366, 0.200661, 0.196639, 0.197211, 
Wine 775, 0.199201, 0.203744, 0.200684, 0.199168, 0.197203, 
Wine 776, 0.197172, 0.20901, 0.202776, 0.192167, 0.198875, 
Wine 777, 0.19373, 0.200534, 0.208164, 0.193715, 0.203858, 
Wine 778, 0.194056, 0.208697, 0.200525, 0.196505, 0.200217, 
Wine 779, 0.193234, 0.207813, 0.2031, 0.193234, 0.20262, 
Wine 780, 0.197097, 0.209479, 0.201151, 0.19461, 0.197663, 
Wine 781, 0.195807, 0.210481, 0.204075, 0.195776, 0.193861, 
Wine 782, 0.197896, 0.195399, 0.201967, 0.203086, 0.201652, 
Wine 783, 0.20168, 0.196574, 0.19981, 0.199071, 0.202864, 
Wine 784, 0.201017, 0.205022, 0.197229, 0.193347, 0.203385, 
Wine 785, 0.20199, 0.203823, 0.194345, 0.199328, 0.200514, 
Wine 786, 0.195947, 0.210417, 0.200671, 0.195916, 0.19705, 
Wine 787, 0.193882, 0.203455, 0.200399, 0.198886, 0.203377, 
Wine 788, 0.199984, 0.209662, 0.194953, 0.197413, 0.197988, 
Wine 789, 0.195674, 0.205336, 0.198895, 0.198159, 0.201936, 
Wine 790, 0.202516, 0.20214, 0.200632, 0.197356, 0.197356, 
Wine 791, 0.198782, 0.201016, 0.196258, 0.201355, 0.202589, 
Wine 792, 0.196623, 0.201389, 0.199886, 0.199136, 0.202965, 
Wine 793, 0.197021, 0.20414, 0.201074, 0.197005, 0.20076, 
Wine 794, 0.19573, 0.216087, 0.200498, 0.190837, 0.196847, 
Wine 795, 0.195263, 0.215572, 0.20002, 0.192769, 0.196377, 
Wine 796, 0.200994, 0.205578, 0.19913, 0.198393, 0.195905, 
Wine 797, 0.201826, 0.203724, 0.200663, 0.196603, 0.197183, 
Wine 798, 0.20203, 0.201632, 0.196916, 0.199416, 0.200005, 
Wine 799, 0.200803, 0.200408, 0.202298, 0.200771, 0.19572, 
Wine 800, 0.199292, 0.201532, 0.200027, 0.199276, 0.199873, 
Wine 801, 0.198903, 0.208083, 0.209191, 0.188959, 0.194864, 
Wine 802, 0.196905, 0.206749, 0.196905, 0.199422, 0.200018, 
Wine 803, 0.19935, 0.208997, 0.197508, 0.196787, 0.197359, 
Wine 804, 0.197304, 0.211433, 0.200168, 0.194707, 0.196388, 
Wine 805, 0.197397, 0.206949, 0.202256, 0.194859, 0.198539, 
Wine 806, 0.200378, 0.204948, 0.19852, 0.197785, 0.198369, 
Wine 807, 0.197309, 0.206857, 0.205722, 0.194773, 0.195339, 
Wine 808, 0.196646, 0.214342, 0.200652, 0.19418, 0.19418, 
Wine 809, 0.192553, 0.212008, 0.200528, 0.194999, 0.199912, 
Wine 810, 0.197437, 0.201777, 0.202246, 0.199976, 0.198564, 
Wine 811, 0.20108, 0.203339, 0.198527, 0.198527, 0.198527, 
Wine 812, 0.195277, 0.209911, 0.196689, 0.195246, 0.202877, 
Wine 813, 0.199115, 0.201352, 0.20325, 0.196587, 0.199695, 
Wine 814, 0.203331, 0.20027, 0.20216, 0.195586, 0.198654, 
Wine 815, 0.200735, 0.200339, 0.198874, 0.198138, 0.201914, 
Wine 816, 0.204797, 0.201714, 0.196996, 0.199497, 0.196996, 
Wine 817, 0.204797, 0.201714, 0.196996, 0.199497, 0.196996, 
Wine 818, 0.201775, 0.198732, 0.200608, 0.201725, 0.197159, 
Wine 819, 0.202516, 0.20214, 0.200632, 0.197356, 0.197356, 
Wine 820, 0.198087, 0.202522, 0.196256, 0.200651, 0.202484, 
Wine 821, 0.195828, 0.200518, 0.202409, 0.195828, 0.205418, 
Wine 822, 0.19336, 0.208134, 0.19986, 0.195816, 0.20283, 
Wine 823, 0.198, 0.200184, 0.202073, 0.197985, 0.201758, 
Wine 824, 0.203121, 0.205031, 0.1986, 0.197865, 0.195384, 
Wine 825, 0.201756, 0.205883, 0.201307, 0.196488, 0.194566, 
Wine 826, 0.203552, 0.207827, 0.199688, 0.195686, 0.193247, 
Wine 827, 0.198776, 0.20101, 0.199509, 0.201349, 0.199355, 
Wine 828, 0.198241, 0.199916, 0.200411, 0.198193, 0.203239, 
Wine 829, 0.198017, 0.204768, 0.196868, 0.200597, 0.199751, 
Wine 830, 0.202703, 0.209614, 0.195079, 0.197525, 0.195079, 
Wine 831, 0.197877, 0.207453, 0.202748, 0.192899, 0.199023, 
Wine 832, 0.199795, 0.20204, 0.200532, 0.197258, 0.200376, 
Wine 833, 0.200479, 0.205052, 0.19862, 0.200446, 0.195404, 
Wine 834, 0.197144, 0.204268, 0.201199, 0.19968, 0.19771, 
Wine 835, 0.200797, 0.215419, 0.193862, 0.193184, 0.196738, 
Wine 836, 0.202, 0.201602, 0.200127, 0.199386, 0.196886, 
Wine 837, 0.199115, 0.201352, 0.20325, 0.196587, 0.199695, 
Wine 838, 0.202006, 0.201632, 0.200127, 0.199375, 0.19686, 
Wine 839, 0.196189, 0.208345, 0.196892, 0.198696, 0.199879, 
Wine 840, 0.202861, 0.201939, 0.202409, 0.200137, 0.192655, 
Wine 841, 0.204688, 0.196891, 0.196891, 0.204637, 0.196891, 
Wine 842, 0.196823, 0.203935, 0.204346, 0.194339, 0.200557, 
Wine 843, 0.199234, 0.201472, 0.203372, 0.199218, 0.196704, 
Wine 844, 0.202659, 0.201784, 0.202223, 0.194827, 0.198507, 
Wine 845, 0.197709, 0.204752, 0.198418, 0.197694, 0.201428, 
Wine 846, 0.198172, 0.205333, 0.198892, 0.195671, 0.201932, 
Wine 847, 0.199115, 0.201352, 0.20325, 0.196587, 0.199695, 
Wine 848, 0.192995, 0.210363, 0.203829, 0.19298, 0.199833, 
Wine 849, 0.201827, 0.201453, 0.203351, 0.196685, 0.196685, 
Wine 850, 0.199104, 0.203562, 0.197264, 0.196545, 0.203524, 
Wine 851, 0.194575, 0.206467, 0.205398, 0.19215, 0.201409, 
Wine 852, 0.195042, 0.20199, 0.20599, 0.195026, 0.201952, 
Wine 853, 0.204269, 0.201195, 0.196488, 0.201559, 0.196488, 
Wine 854, 0.201807, 0.196698, 0.199936, 0.201774, 0.199784, 
Wine 855, 0.199365, 0.199365, 0.199365, 0.199365, 0.202542, 
Wine 856, 0.195517, 0.202482, 0.206492, 0.193065, 0.202444, 
Wine 857, 0.197021, 0.20414, 0.201074, 0.197005, 0.20076, 
Wine 858, 0.205768, 0.19793, 0.19793, 0.200443, 0.19793, 
Wine 859, 0.195452, 0.207398, 0.199397, 0.195437, 0.202317, 
Wine 860, 0.205622, 0.195213, 0.1984, 0.205553, 0.195213, 
Wine 861, 0.202006, 0.201632, 0.200127, 0.199375, 0.19686, 
Wine 862, 0.196024, 0.200333, 0.207955, 0.198545, 0.197143, 
Wine 863, 0.195867, 0.2052, 0.207789, 0.190971, 0.200173, 
Wine 864, 0.199554, 0.206869, 0.19702, 0.199538, 0.19702, 
Wine 865, 0.196757, 0.206594, 0.200023, 0.196757, 0.199868, 
Wine 866, 0.198312, 0.205478, 0.199033, 0.198296, 0.198881, 
Wine 867, 0.193879, 0.20557, 0.197756, 0.198866, 0.203929, 
Wine 868, 0.195132, 0.209542, 0.203291, 0.192655, 0.19938, 
Wine 869, 0.201384, 0.200987, 0.196285, 0.198778, 0.202566, 
Wine 870, 0.201827, 0.201453, 0.203351, 0.196685, 0.196685, 
Wine 871, 0.194927, 0.220862, 0.196316, 0.194897, 0.192998, 
Wine 872, 0.200835, 0.197802, 0.203065, 0.195704, 0.202594, 
Wine 873, 0.201549, 0.198973, 0.198973, 0.201532, 0.198973, 
Wine 874, 0.194421, 0.211917, 0.201785, 0.196906, 0.194971, 
Wine 875, 0.197236, 0.202076, 0.200537, 0.199773, 0.200379, 
Wine 876, 0.20145, 0.208448, 0.196989, 0.196271, 0.196842, 
Wine 877, 0.195011, 0.218062, 0.1957, 0.192581, 0.198646, 
Wine 878, 0.198714, 0.211044, 0.194314, 0.198665, 0.197262, 
Wine 879, 0.197706, 0.20465, 0.201696, 0.19769, 0.198258, 
Wine 880, 0.203779, 0.196017, 0.202605, 0.198506, 0.199092, 
Wine 881, 0.204215, 0.203287, 0.197083, 0.201473, 0.193942, 
Wine 882, 0.198736, 0.221924, 0.191353, 0.193723, 0.194263, 
Wine 883, 0.201641, 0.207978, 0.198495, 0.193838, 0.198048, 
Wine 884, 0.197714, 0.207135, 0.199144, 0.200257, 0.195749, 
Wine 885, 0.203489, 0.198305, 0.201596, 0.198305, 0.198305, 
Wine 886, 0.199523, 0.20127, 0.195127, 0.199474, 0.204606, 
Wine 887, 0.192939, 0.207495, 0.19937, 0.197886, 0.202311, 
Wine 888, 0.20523, 0.199452, 0.198022, 0.202456, 0.194841, 
Wine 889, 0.195367, 0.207472, 0.202767, 0.195352, 0.199042, 
Wine 890, 0.199404, 0.206714, 0.200139, 0.196872, 0.196872, 
Wine 891, 0.200303, 0.207132, 0.199141, 0.19768, 0.195746, 
Wine 892, 0.199507, 0.206309, 0.201723, 0.194411, 0.19805, 
Wine 893, 0.197388, 0.197388, 0.204079, 0.197388, 0.203755, 
Wine 894, 0.20282, 0.220889, 0.193162, 0.190108, 0.193021, 
Wine 895, 0.208327, 0.197113, 0.19578, 0.200096, 0.198684, 
Wine 896, 0.19784, 0.215314, 0.200005, 0.190445, 0.196396, 
Wine 897, 0.200204, 0.20477, 0.201694, 0.195135, 0.198196, 
Wine 898, 0.201082, 0.203383, 0.198512, 0.198512, 0.198512, 
Wine 899, 0.200335, 0.199918, 0.198484, 0.202928, 0.198335, 
Wine 900, 0.19656, 0.210873, 0.20296, 0.193955, 0.195653, 
Wine 901, 0.198125, 0.20031, 0.2022, 0.200673, 0.198693, 
Wine 902, 0.199725, 0.212118, 0.195302, 0.19459, 0.198265, 
Wine 903, 0.197176, 0.204301, 0.197893, 0.199712, 0.200918, 
Wine 904, 0.198412, 0.205582, 0.199133, 0.200964, 0.195909, 
Wine 905, 0.202342, 0.197187, 0.20046, 0.199707, 0.200304, 
Wine 906, 0.195085, 0.21264, 0.19906, 0.197578, 0.195637, 
Wine 907, 0.199368, 0.198976, 0.204328, 0.196789, 0.200539, 
Wine 908, 0.198106, 0.207545, 0.199538, 0.195575, 0.199236, 
Wine 909, 0.19652, 0.203621, 0.200562, 0.199048, 0.200249, 
Wine 910, 0.196753, 0.214131, 0.198906, 0.191758, 0.198452, 
Wine 911, 0.201636, 0.20576, 0.201187, 0.193894, 0.197523, 
Wine 912, 0.197759, 0.202553, 0.201042, 0.197759, 0.200886, 
Wine 913, 0.204797, 0.201714, 0.196996, 0.199497, 0.196996, 
Wine 914, 0.205235, 0.197418, 0.197418, 0.202512, 0.197418, 
Wine 915, 0.205185, 0.201481, 0.19863, 0.202379, 0.192324, 
Wine 916, 0.193938, 0.208756, 0.203925, 0.196401, 0.19698, 
Wine 917, 0.199877, 0.206821, 0.205686, 0.192312, 0.195305, 
Wine 918, 0.199508, 0.204058, 0.20447, 0.194457, 0.197507, 
Wine 919, 0.196823, 0.203935, 0.204346, 0.194339, 0.200557, 
Wine 920, 0.203089, 0.200027, 0.195402, 0.203039, 0.198443, 
Wine 921, 0.199795, 0.20204, 0.200532, 0.197258, 0.200376, 
Wine 922, 0.199199, 0.196685, 0.199923, 0.204423, 0.19977, 
Wine 923, 0.205753, 0.202064, 0.199147, 0.200261, 0.192775, 
Wine 924, 0.202387, 0.199335, 0.201216, 0.202337, 0.194726, 
Wine 925, 0.201985, 0.203818, 0.197512, 0.199322, 0.197364, 
Wine 926, 0.200303, 0.207132, 0.199141, 0.19768, 0.195746, 
Wine 927, 0.202668, 0.202293, 0.197505, 0.200029, 0.197505, 
Wine 928, 0.200388, 0.204875, 0.198537, 0.197812, 0.198388, 
Wine 929, 0.196903, 0.206432, 0.20175, 0.196872, 0.198043, 
Wine 930, 0.198702, 0.198702, 0.202027, 0.198702, 0.201868, 
Wine 931, 0.201233, 0.198193, 0.200065, 0.203855, 0.196654, 
Wine 932, 0.198256, 0.213336, 0.196424, 0.195707, 0.196277, 
Wine 933, 0.195869, 0.202075, 0.204733, 0.193369, 0.203954, 
Wine 934, 0.195043, 0.209447, 0.206801, 0.192568, 0.196141, 
Wine 935, 0.197274, 0.209667, 0.194784, 0.197258, 0.201017, 
Wine 936, 0.200125, 0.201878, 0.202348, 0.200077, 0.195572, 
Wine 937, 0.202918, 0.199858, 0.201744, 0.200243, 0.195237, 
Wine 938, 0.194465, 0.206351, 0.19839, 0.199499, 0.201295, 
Wine 939, 0.194233, 0.20837, 0.202277, 0.196699, 0.198421, 
Wine 940, 0.203103, 0.207369, 0.192821, 0.197765, 0.198942, 
Wine 941, 0.196038, 0.208184, 0.200032, 0.196022, 0.199724, 
Wine 942, 0.196996, 0.220336, 0.192678, 0.194432, 0.195558, 
Wine 943, 0.199115, 0.201352, 0.20325, 0.196587, 0.199695, 
Wine 944, 0.194775, 0.212302, 0.202152, 0.192333, 0.198438, 
Wine 945, 0.196473, 0.208817, 0.200515, 0.193994, 0.200202, 
Wine 946, 0.202544, 0.20891, 0.202801, 0.189928, 0.195817, 
Wine 947, 0.202672, 0.201751, 0.195593, 0.19489, 0.205094, 
Wine 948, 0.198139, 0.205299, 0.202215, 0.195639, 0.198708, 
Wine 949, 0.196929, 0.203846, 0.200904, 0.194475, 0.203846, 
Wine 950, 0.203477, 0.202598, 0.199615, 0.198129, 0.196182, 
Wine 951, 0.206284, 0.202586, 0.199661, 0.198197, 0.193273, 
Wine 952, 0.201442, 0.196342, 0.206452, 0.196342, 0.199422, 
Wine 953, 0.200861, 0.200465, 0.198999, 0.200828, 0.198847, 
Wine 954, 0.198934, 0.206227, 0.196408, 0.198918, 0.199513, 
Wine 955, 0.195504, 0.205157, 0.202075, 0.195504, 0.20176, 
Wine 956, 0.197236, 0.202076, 0.200537, 0.199773, 0.200379, 
Wine 957, 0.205769, 0.199976, 0.198542, 0.200361, 0.195352, 
Wine 958, 0.198255, 0.205419, 0.202333, 0.198239, 0.195754, 
Wine 959, 0.194369, 0.211621, 0.201664, 0.194354, 0.197992, 
Wine 960, 0.20032, 0.20489, 0.201812, 0.197729, 0.195249, 
Wine 961, 0.19842, 0.205694, 0.1959, 0.200988, 0.198998, 
Wine 962, 0.200788, 0.207763, 0.199627, 0.195626, 0.196195, 
Wine 963, 0.202836, 0.195158, 0.195158, 0.205496, 0.201353, 
Wine 964, 0.195894, 0.210862, 0.195894, 0.198382, 0.198967, 
Wine 965, 0.197681, 0.204824, 0.198399, 0.197665, 0.201432, 
Wine 966, 0.200204, 0.20477, 0.201694, 0.195135, 0.198196, 
Wine 967, 0.198493, 0.200683, 0.202576, 0.195989, 0.20226, 
Wine 968, 0.19616, 0.21086, 0.204443, 0.191257, 0.19728, 
Wine 969, 0.197802, 0.202151, 0.202621, 0.195276, 0.202151, 
Wine 970, 0.195958, 0.202841, 0.199913, 0.198446, 0.202841, 
Wine 971, 0.197509, 0.204646, 0.201572, 0.195017, 0.201257, 
Wine 972, 0.190894, 0.212849, 0.201323, 0.190879, 0.204056, 
Wine 973, 0.199883, 0.217538, 0.192411, 0.194809, 0.19536, 
Wine 974, 0.196685, 0.208872, 0.19739, 0.196669, 0.200384, 
Wine 975, 0.20245, 0.206591, 0.192265, 0.197164, 0.20153, 
Wine 976, 0.196757, 0.206594, 0.200023, 0.196757, 0.199868, 
Wine 977, 0.195129, 0.204884, 0.198367, 0.200197, 0.201423, 
Wine 978, 0.193342, 0.215883, 0.200533, 0.193327, 0.196914, 
Wine 979, 0.198394, 0.210687, 0.199105, 0.195907, 0.195907, 
Wine 980, 0.196803, 0.20618, 0.201597, 0.194289, 0.201129, 
Wine 981, 0.196701, 0.214402, 0.197406, 0.194234, 0.197257, 
Wine 982, 0.201029, 0.205531, 0.195972, 0.198445, 0.199022, 
Wine 983, 0.196757, 0.206594, 0.200023, 0.196757, 0.199868, 
Wine 984, 0.199984, 0.209662, 0.194953, 0.197413, 0.197988, 
Wine 985, 0.202443, 0.199391, 0.197961, 0.202393, 0.197812, 
Wine 986, 0.19942, 0.206219, 0.205151, 0.194326, 0.194883, 
Wine 987, 0.199238, 0.203618, 0.200679, 0.199207, 0.197258, 
Wine 988, 0.197177, 0.199312, 0.204645, 0.194704, 0.204162, 
Wine 989, 0.198702, 0.198702, 0.202027, 0.198702, 0.201868, 
Wine 990, 0.203291, 0.195547, 0.198766, 0.200593, 0.201804, 
Wine 991, 0.195219, 0.212786, 0.195918, 0.200305, 0.195771, 
Wine 992, 0.205935, 0.193027, 0.196128, 0.20585, 0.199059, 
Wine 993, 0.205769, 0.199976, 0.198542, 0.200361, 0.195352, 
Wine 994, 0.202446, 0.197289, 0.200563, 0.202413, 0.197289, 
Wine 995, 0.200124, 0.206947, 0.202347, 0.195012, 0.195571, 
Wine 996, 0.19922, 0.20368, 0.200681, 0.199188, 0.197231, 
Wine 997, 0.196271, 0.213692, 0.196964, 0.196255, 0.196818, 
Wine 998, 0.19819, 0.202628, 0.206641, 0.193204, 0.199337, 
Wine 999, 0.194485, 0.211987, 0.195182, 0.196971, 0.201375, 
Wine 1000, 0.195957, 0.200707, 0.202599, 0.198461, 0.202277, 
Wine 1001, 0.203957, 0.200887, 0.202782, 0.196188, 0.196188, 
Wine 1002, 0.199237, 0.20873, 0.197402, 0.194256, 0.200374, 
Wine 1003, 0.203901, 0.200221, 0.200715, 0.201112, 0.19405, 
Wine 1004, 0.197469, 0.206878, 0.198897, 0.194947, 0.20181, 
Wine 1005, 0.203181, 0.202805, 0.198005, 0.198005, 0.198005, 
Wine 1006, 0.197951, 0.202383, 0.199403, 0.197919, 0.202345, 
Wine 1007, 0.203758, 0.196046, 0.20258, 0.198519, 0.199097, 
Wine 1008, 0.203489, 0.198305, 0.201596, 0.198305, 0.198305, 
Wine 1009, 0.198785, 0.206072, 0.199518, 0.196261, 0.199364, 
